from,to,cost
0,1,17.76653623238896
0,2,16.95735758404457
0,3,15.56265301278093
0,4,14.951596155978478
0,5,14.656577807764045
0,6,15.336158709460559
0,7,15.607421829463982
0,8,14.892722677093422
0,9,14.757699175623236
0,10,15.769955987117712
0,11,16.238641160976496
0,12,16.878326113266816
0,13,18.65364905720374
0,14,19.627382051941296
0,15,20.24264372749332
0,16,20.759773759215847
0,17,21.446053781515708
0,18,22.47800377698041
0,19,23.140001794022716
0,20,22.88999629804385
0,21,22.81583698191113
0,22,22.841220005143004
0,23,22.729347825139357
0,24,11.389555816013088
0,25,12.069353132061364
0,26,12.431245835429959
0,27,12.714486121375314
0,28,12.642295237944538
0,29,12.877733128394691
0,30,13.032845392123287
0,31,13.214350799416618
0,32,12.979919671865948
0,33,12.887955949181926
0,34,12.9389140806059
0,35,12.574654928963449
0,36,11.457427442145475
0,37,10.497589604727514
0,38,9.51020563807788
0,39,9.679023331741028
0,40,13.354594417986918
0,41,14.092548810829623
0,42,14.993253855766314
0,43,15.334811333366094
0,44,16.056427799079696
0,45,17.61180309569389
0,46,18.463614683653727
0,47,18.993311647629763
0,48,19.480987044809137
0,49,19.82166181793894
0,50,19.98744406454793
0,51,20.271450956205218
0,52,20.7863567918113
0,53,21.47369031455177
0,54,20.881284018552293
0,55,19.81147986027769
0,56,19.04964588315153
0,57,20.127792259144798
0,58,22.006288751608352
0,59,23.30674161468466
0,60,1.9189344951412375
0,61,3.030765333868884
0,62,4.204550276781188
0,63,5.585980916659663
0,64,6.82442607173251
0,65,7.419842102106137
0,66,8.627836371014078
0,67,9.542655030149051
0,68,11.762408266622359
0,69,14.209883663351032
0,70,14.72172014834722
0,71,16.16660768375069
0,72,16.68932536232774
0,73,17.414164264162213
0,74,18.230327500999874
0,75,18.969793841583343
0,76,20.285345718730277
0,77,21.57350443937376
0,78,17.297454593654088
0,79,16.618627472495024
0,80,15.843306976102548
0,81,14.326455214796514
0,82,8.330627497819021
0,83,9.195796108402174
0,84,9.874171188176927
0,85,11.038414564591431
0,86,12.496123604946831
0,87,13.30284607867925
0,88,14.149888650152187
0,89,14.911156915019317
0,90,15.80490676625843
0,91,15.931011734375753
0,92,13.829690971221504
0,93,15.353609679730372
0,94,15.00866287810828
0,95,14.770639372028425
0,96,14.6939898955515
0,97,14.637394202762508
0,98,6.959347056843001
0,99,7.723438178635964
0,100,16.215649495036644
0,101,14.569660570251846
0,102,12.856312187742676
0,103,15.413454448519332
0,104,13.563240963356302
0,105,16.905260713162868
0,106,17.837676601862807
0,107,18.917313845131087
0,108,11.38861321676963
0,109,11.34855187269936
0,110,10.55555057887381
0,111,9.210509569763666
0,112,8.83014224548246
0,113,8.586480883317769
0,114,8.18094365112384
0,115,7.766130422372104
0,116,8.872913493439171
0,117,10.907717892975645
0,118,12.076558881995858
1,0,17.76653623238896
1,2,0.8635472330921115
1,3,2.5799523937249083
1,4,3.477357409199296
1,5,4.237232074583901
1,6,4.406995407180994
1,7,5.037052126279386
1,8,6.500994395420392
1,9,7.1401099393905625
1,10,7.387250535025375
1,11,7.564958589418178
1,12,7.7655101554359245
1,13,1.8931026986757586
1,14,2.4079399476221166
1,15,2.542788116418572
1,16,2.9964968847715663
1,17,3.777008528707421
1,18,4.807422726469753
1,19,5.552175088760825
1,20,5.737597047542707
1,21,5.9514758845781675
1,22,6.44738830010067
1,23,6.619015046597219
1,24,10.41875713425918
1,25,11.778724516055409
1,26,10.717378355549487
1,27,9.856858441885048
1,28,9.029625662095517
1,29,8.00249292740506
1,30,7.023631200435292
1,31,5.726000976586597
1,32,5.419927026979469
1,33,5.09942189360592
1,34,4.842801862181568
1,35,5.223792964512885
1,36,6.726865165428287
1,37,7.951881386816733
1,38,9.102241403121289
1,39,9.243601319900089
1,40,4.445075508103911
1,41,3.8178386223948024
1,42,3.2456670616114973
1,43,3.2899766120476395
1,44,3.3254342453651144
1,45,3.600950314072023
1,46,4.279877597379168
1,47,5.187419549433806
1,48,6.0497366791023515
1,49,6.7901653795464325
1,50,7.790898279512518
1,51,8.62784203685426
1,52,9.353842884126156
1,53,9.484120596497036
1,54,10.605711215877712
1,55,10.912560096983508
1,56,10.95832124666858
1,57,12.37741606363269
1,58,13.759408601342214
1,59,15.805325335045946
1,60,15.926811821988924
1,61,14.791147862646573
1,62,13.568443198802388
1,63,12.333970149453213
1,64,11.195514542985995
1,65,10.674136647195613
1,66,9.646594063746319
1,67,8.889088895355874
1,68,6.148267953898716
1,69,3.5774256502597104
1,70,3.081089969243872
1,71,2.4402600337013647
1,72,2.458676086233997
1,73,2.80940344895258
1,74,3.4219882286761667
1,75,3.6481511455676205
1,76,4.361900581675253
1,77,5.632136375364899
1,78,3.8157553344614445
1,79,3.518057191140362
1,80,3.3517978165528364
1,81,3.7619766755922193
1,82,12.26506294339569
1,83,10.496486808999355
1,84,9.624947877990454
1,85,8.36363087835788
1,86,6.996263349986917
1,87,6.207393826439001
1,88,5.223187173623303
1,89,4.008361758482707
1,90,2.6195455228329108
1,91,2.0121542438167213
1,92,4.068027392146158
1,93,9.327358453586154
1,94,8.378421340494963
1,95,7.5111724498389085
1,96,6.776769395944909
1,97,5.640360266088223
1,98,14.94208906424526
1,99,13.655686201962553
1,100,1.5775254986174916
1,101,3.435206412526532
1,102,5.08046072534611
1,103,2.3745507593341677
1,104,4.548117341641616
1,105,1.3075779637179874
1,106,1.748966798110278
1,107,2.9284771295494516
1,108,9.106885652119765
1,109,8.53227906256894
1,110,8.708992833072768
1,111,8.815987755295465
1,112,9.036387492034292
1,113,9.184283255461295
1,114,9.722877881809435
1,115,10.303695991363758
1,116,9.54934874759675
1,117,9.39260338813326
1,118,9.297365223919895
2,0,16.95735758404457
2,1,0.8635472330921115
2,3,2.116787976332301
2,4,3.0296340778238
2,5,3.8479251930912026
2,6,4.195734285325279
2,7,4.91485235920033
2,8,6.3154015658804346
2,9,6.952230326586466
2,10,7.322752154900528
2,11,7.553734712723333
2,12,7.823483946016007
2,13,2.152517860653576
2,14,2.9176329040382334
2,15,3.294282267282213
2,16,3.830438324510402
2,17,4.637210577890005
2,18,5.665463409146971
2,19,6.414508153654963
2,20,6.58806115991777
2,21,6.782834782444785
2,22,7.243930860317887
2,23,7.391831244124435
2,24,9.978085661047452
2,25,11.40461110887211
2,26,10.360997310973408
2,27,9.51192272111908
2,28,8.66112828798088
2,29,7.623814181031826
2,30,6.61378722403019
2,31,5.229234140760006
2,32,4.830215694911691
2,33,4.412815425383357
2,34,4.067781586454481
2,35,4.393621642246874
2,36,6.050243008213106
2,37,7.290561738721583
2,38,8.435374944855173
2,39,8.605968973208599
2,40,3.6127030721444613
2,41,2.9602783042673817
2,42,2.3950603089790574
2,43,2.4873914356651654
2,44,2.657898688265296
2,45,3.281828935836013
2,46,4.106201388482014
2,47,5.04423999750427
2,48,5.920697185037011
2,49,6.656386843248906
2,50,7.610981842465627
2,51,8.43004788352101
2,52,9.169037986035297
2,53,9.36584761796792
2,54,10.360498070475822
2,55,10.559743775743556
2,56,10.543216207573355
2,57,11.992442309637958
2,58,13.454422800406775
2,59,15.499412336492414
2,60,15.128457127545918
2,61,13.994137958405254
2,62,12.755503166203672
2,63,11.50165979460063
2,64,10.353974303998209
2,65,9.82742856912655
2,66,8.79043319693918
2,67,8.02779759730176
2,68,5.2995721237071995
2,69,2.7495334195059598
2,70,2.353359098595408
2,71,2.232069558711157
2,72,2.4654326329218716
2,73,3.0548750317485904
2,74,3.83380883654345
2,75,4.189735086606744
2,76,5.051131456136381
2,77,6.367091184708211
2,78,4.009702813780941
2,79,3.5552453025712203
2,80,3.167958025271672
2,81,3.164186542170458
2,82,11.404402329948208
2,83,9.635061738146158
2,84,8.764619250374661
2,85,7.5082976576134195
2,86,6.158193940736302
2,87,5.38544686469446
2,88,4.420341924615486
2,89,3.2097685067811583
2,90,1.8225920477241453
2,91,1.1505066651870788
2,92,3.3745580073293997
2,93,8.681651537414995
2,94,7.710356047444612
2,95,6.8202761013216735
2,96,6.069231162313036
2,97,4.8979623177441525
2,98,14.079458985180294
2,99,12.794714456592502
2,100,0.9355014383480076
2,101,2.5717240811300677
2,102,4.22544608648507
2,103,1.5442015951455512
2,104,3.684608239897092
2,105,1.2562803232773845
2,106,2.193412184694154
2,107,3.534331303671838
2,108,8.624470126779029
2,109,8.01729780939252
2,110,8.122695292847288
2,111,8.078921074095174
2,112,8.268491527144505
2,113,8.384733544368775
2,114,8.885239839986324
2,115,9.45694345860741
2,116,8.689680219664128
2,117,8.547945442207974
2,118,8.48653997523782
3,0,15.56265301278093
3,1,2.5799523937249083
3,2,2.116787976332301
3,4,0.915101854650603
3,5,1.7335423312945297
3,6,2.211104695093108
3,7,3.0107485477180065
3,8,4.297615812773888
3,9,4.923833061140283
3,10,5.420313602819095
3,11,5.717327371389978
3,12,6.083833413767714
3,13,4.263735459467177
3,14,4.957288423296626
3,15,5.078700402864759
3,16,5.361936863266527
3,17,5.922105950035525
3,18,6.942600263049203
3,19,7.580632678600937
3,20,7.381908612894173
3,21,7.392951551535011
3,22,7.605442763610651
3,23,7.619552486834466
3,24,7.873902564073096
3,25,9.288024341998549
3,26,8.244470491579067
3,27,7.39653939484756
3,28,6.544383259550731
3,29,5.507031313024306
3,30,4.4990283579753525
3,31,3.1495955550181063
3,32,2.862883080718713
3,33,2.6860942831281167
3,34,2.7390149460683713
3,35,3.4217229011756785
3,36,4.2523348012310604
3,37,5.442420735867461
3,38,6.5923629115316515
3,39,6.702561762775357
3,40,2.768049541756417
3,41,2.6167482553915193
3,42,2.8645482120472616
3,43,3.323448987012869
3,44,3.9684936681390637
3,45,5.120750297998513
3,46,6.048092064144111
3,47,6.987360732089093
3,48,7.859310391064324
3,49,8.579391564901412
3,50,9.474600582055603
3,51,10.263271901898781
3,52,11.008991176015419
3,53,11.274631448542602
3,54,12.113608897037711
3,55,12.148785289093826
3,56,12.02091115020187
3,57,13.509011234546582
3,58,15.09430374573258
3,59,17.124817636434358
3,60,13.683822571519878
3,61,12.548420323899922
3,62,11.405957226847082
3,63,10.300400545480414
3,64,9.252389697995685
3,65,8.791578043592814
3,66,7.915382499868558
3,67,7.30045825068812
3,68,4.456567458842896
3,69,2.0644360072783066
3,70,1.146980941869431
3,71,0.7505067101077505
3,72,1.3643904676168301
3,73,2.252455266677085
3,74,3.2282212878596903
3,75,3.872640286142379
3,76,5.091814933571933
3,77,6.476675526463225
3,78,2.8218205050920013
3,79,2.103075345600078
3,80,1.33461843095484
3,81,1.2557611849283914
3,82,10.93129703298465
3,83,9.173438604879088
3,84,8.362739041542522
3,85,7.266721148471023
3,86,6.222316452078028
3,87,5.654287246609746
3,88,4.919882770163638
3,89,3.9095993503208266
3,90,2.897055320645294
3,91,2.073647159538281
3,92,1.7474374031555346
3,93,9.627546317425994
3,94,8.612465153440414
3,95,7.677235343218238
3,96,6.901761560635993
3,97,5.669020758174898
3,98,13.491958353613159
3,99,12.290053343532579
3,100,1.203881985652902
3,101,2.5875408802133126
3,102,3.5904779981581734
3,103,1.5543607305637315
3,104,3.4362039156920647
3,105,1.3974878587416149
3,106,2.293668814385817
3,107,3.542423565732725
3,108,6.5391090328090575
3,109,5.9545538553904205
3,110,6.137614876451204
3,111,6.4342952831693765
3,112,6.739617488947365
3,113,7.008446235216156
3,114,7.771594476358874
3,115,8.428618594708981
3,116,7.894035814911681
3,117,8.426100080985922
3,118,8.677630399511841
4,0,14.951596155978478
4,1,3.477357409199296
4,2,3.0296340778238
4,3,0.915101854650603
4,5,0.8413824703417632
4,6,1.5299430374501417
4,7,2.3638058124777985
4,8,3.500502646559347
4,9,4.109893858418976
4,10,4.703968984517064
4,11,5.0455342009541315
4,12,5.4735695863388685
4,13,5.178438893887109
4,14,5.8666405572454625
4,15,5.9440605755507265
4,16,6.169031509158158
4,17,6.656964323522864
4,18,7.65932634178285
4,19,8.255356206549113
4,20,7.938570484763083
4,21,7.885440848742179
4,22,8.002210112754367
4,23,7.964469699612608
4,24,6.95958499295117
4,25,8.375321063113324
4,26,7.33468024299487
4,27,6.489627022802904
4,28,5.63371730855718
4,29,4.595566905570286
4,30,3.5844763629565257
4,31,2.250580524921668
4,32,2.0577262928290927
4,33,2.09791169652793
4,34,2.446785008147263
4,35,3.269611420958376
4,36,3.5301279839864708
4,37,4.666911188080015
4,38,5.808073151636412
4,39,5.884738436812253
4,40,2.772014817369294
4,41,2.8980353631448152
4,42,3.4170721386546656
4,43,3.940036586398144
4,44,4.677493705886329
4,45,5.944464445834389
4,46,6.894765956468731
4,47,7.829503788213052
4,48,8.696224182902407
4,49,9.407996383915371
4,50,10.277869656120114
4,51,11.052218831612935
4,52,11.79817186489528
4,53,12.090293059888294
4,54,12.86532347014383
4,55,12.835803945275073
4,56,12.664827738790247
4,57,14.161902035289442
4,58,15.792101056715216
4,59,17.812026460713554
4,60,13.056448166558608
4,61,11.925417618802859
4,62,10.834789368296601
4,63,9.80873834929007
4,64,8.819964674082655
4,65,8.397144426756107
4,66,7.613443215376303
4,67,7.082828984931895
4,68,4.291228761106334
4,69,2.3009934857381404
4,70,1.4450536355179318
4,71,1.2420240480416693
4,72,1.738416056635901
4,73,2.5204343315620674
4,74,3.441315468162768
4,75,4.153857489979191
4,76,5.4436964791454745
4,77,6.803902919110555
4,78,2.7654089423005948
4,79,1.985999379097814
4,80,1.0702623679636913
4,81,0.7628497660660585
4,82,10.772371169172244
4,83,9.043137828663411
4,84,8.273820721237591
4,85,7.274571901021408
4,86,6.394550364000297
4,87,5.932250209726909
4,88,5.320129404866714
4,89,4.439159511730374
4,90,3.6146815886514956
4,91,2.8603682867251767
4,92,1.4148661110402205
4,93,10.08305734106011
4,94,9.064255960630256
4,95,8.127246729958916
4,96,7.358672574830619
4,97,6.137974297595246
4,98,13.25873287321527
4,99,12.103512157883259
4,100,2.107295659635046
4,101,3.022707948507026
4,102,3.601380932455141
4,103,2.241301458286159
4,104,3.646163998573308
4,105,2.237123784452697
4,106,2.919919682004458
4,107,3.9824361922661877
4,108,5.63095280587133
4,109,5.056769010214424
4,110,5.27895151579799
4,111,5.761181436169835
4,112,6.125049928698033
4,113,6.470689699324646
4,114,7.354939177386093
4,115,8.043247156055338
4,116,7.630765937499471
4,117,8.46075173803911
4,118,8.841876120632827
5,0,14.656577807764045
5,1,4.237232074583901
5,2,3.8479251930912026
5,3,1.7335423312945297
5,4,0.8413824703417632
5,6,0.9532989495062111
5,7,1.7296600246802076
5,8,2.693464223258357
5,9,3.2893998479645172
5,10,3.945068486749454
5,11,4.317765313124392
5,12,4.790742998794543
5,13,5.98802498897544
5,14,6.641638889483795
5,15,6.642841835303756
5,16,6.793826130204551
5,17,7.197795053866679
5,18,8.173066050549334
5,19,8.720219734650351
5,20,8.285047097239595
5,21,8.16912453454063
5,22,8.1921479190999
5,23,8.105383250227234
5,24,6.181925901326866
5,25,7.5624145330661126
5,26,6.514060822045349
5,27,5.663997589756914
5,28,4.815624274772941
5,29,3.78033799289266
5,30,2.7871063967621668
5,31,1.5929065911789633
5,32,1.6834634872412726
5,33,2.0855846496779202
5,34,2.720102381082992
5,35,3.604341439411367
5,36,3.2049201504607883
5,37,4.220848028345656
5,38,5.329223383229181
5,39,5.348224191594409
5,40,3.2564030245614983
5,41,3.546027841773734
5,42,4.179234007905218
5,43,4.721350650546537
5,44,5.487752945089195
5,45,6.782726304428595
5,46,7.735570153245772
5,47,8.669753571373565
5,48,9.535691496227056
5,49,10.246020511488059
5,50,11.11005502748255
5,51,11.880099329075524
5,52,12.625862731742307
5,53,12.925120626005297
5,54,13.679654915061386
5,55,13.622543601426463
5,56,13.43072761508951
5,57,14.930952972615751
5,58,16.581992347986766
5,59,18.595931587713785
5,60,12.747380558815985
5,61,11.625844594631566
5,62,10.60222004767146
5,63,9.673068279031028
5,64,8.756559210410384
5,65,8.377809521490866
5,66,7.696364611937752
5,67,7.253227969063977
5,68,4.56979833245176
5,69,2.955784694910084
5,70,2.193954015677879
5,71,1.8531940215020484
5,72,2.1787448145075206
5,73,2.775952942185505
5,74,3.5775514264673056
5,75,4.315999533131288
5,76,5.631041867083964
5,77,6.943029931705901
5,78,2.7087793681365584
5,79,1.9764461804639017
5,80,1.2079030727538174
5,81,1.2483761558371065
5,82,10.963285732059074
5,83,9.271968884428684
5,84,8.545854351396894
5,85,7.6382388899813565
5,86,6.894316475238159
5,87,6.510254621888253
5,88,5.980804097605595
5,89,5.177825207423164
5,90,4.432621466270803
5,91,3.6967704569818176
5,92,1.8105614769300833
5,93,10.747302456755008
5,94,9.729871174347796
5,95,8.795909215781442
5,96,8.035482785862612
5,97,6.829751870785346
5,98,13.368483610444326
5,99,12.262011089490098
5,100,2.936267788263824
5,101,3.742521413685666
5,102,4.0479812133951825
5,103,3.063603029801396
5,104,4.225980277050865
5,105,2.954321330404522
5,106,3.4362075326367223
5,107,4.293018376649845
5,108,4.889939416341389
5,109,4.3544094478136435
5,110,4.670561557084393
5,111,5.447931957114648
5,112,5.882914122517621
5,113,6.3169069975706575
5,114,7.323876114524915
5,115,8.036984640611603
5,116,7.751023625762462
5,117,8.834263829751446
5,118,9.313085905606496
6,0,15.336158709460559
6,1,4.406995407180994
6,2,4.195734285325279
6,3,2.211104695093108
6,4,1.5299430374501417
6,5,0.9532989495062111
6,7,0.833865290155018
6,8,2.1196883149199155
6,9,2.7570940825733787
6,10,3.2118382778364394
6,11,3.5282120952348985
6,12,3.943779939294588
6,13,6.2586559029493
6,14,6.797506131070435
6,15,6.629120228130808
6,16,6.6481962896597695
6,17,6.92090080337033
6,18,7.847166952905187
6,19,8.326260372293422
6,20,7.760640861610426
6,21,7.582508181392183
6,22,7.520141252564951
6,23,7.393731266892935
6,24,6.2064455830507
6,25,7.438290681076914
6,26,6.363058505901233
6,27,5.496077507724608
6,28,4.707417049652915
6,29,3.7180319509979616
6,30,2.8558113072186044
6,31,2.122572902443646
6,32,2.483177391368328
6,33,3.013272014667755
6,34,3.6733386894383186
6,35,4.556667150556264
6,36,3.9578986857181833
6,37,4.841580916779031
6,38,5.891707758613445
6,39,5.842318361103813
6,40,4.185727541414911
6,41,4.409891925039847
6,42,4.941452967382651
6,43,5.453770147662249
6,44,6.157946528033854
6,45,7.32539406233425
6,46,8.237773295349532
6,47,9.178882694638634
6,48,10.053432649391413
6,49,10.777997220139397
6,50,11.682746462705238
6,51,12.473752300977994
6,52,13.219363897381072
6,53,13.478069764781354
6,54,14.322526422436002
6,55,14.3340149890992
6,56,14.179592867702596
6,57,15.674194476247889
6,58,17.285635364480168
6,59,19.311186677880897
6,60,13.419896611298638
6,61,12.309870124377458
6,62,11.341976158870143
6,63,10.479890363025723
6,64,9.605759815208152
6,65,9.248839102666983
6,66,8.607832047575291
6,67,8.188492238450122
6,68,5.522386433501309
6,69,3.8130879290808624
6,70,2.9749937347680393
6,71,1.9826678429565585
6,72,2.031386692034355
6,73,2.330348648474984
6,74,2.951120423048122
6,75,3.683177759554445
6,76,4.988226794067305
6,77,6.24041999032556
6,78,1.9643659079136067
6,79,1.3653118224936227
6,80,1.0552037695440522
6,81,2.1442353902635145
6,82,11.898770994238292
6,83,10.21570195831877
6,84,9.495521705338094
6,85,8.591181674947368
6,86,7.827809714423596
6,87,7.416600092553706
6,88,6.840691817844118
6,89,5.967864619403102
6,90,5.087313917948976
6,91,4.282810523657414
6,92,2.7457567883497656
6,93,11.606822814613492
6,94,10.58810768411203
6,95,9.65156846108871
6,96,8.88458811553275
6,97,7.66613623899778
6,98,14.280338136275908
6,99,13.188882106518726
6,100,3.3625263221043222
6,101,4.552383882572485
6,102,4.988512155101944
6,103,3.7189637225006194
6,104,5.127251348418578
6,105,3.1022765393373644
6,106,3.244161213100397
6,107,3.8087311315303536
6,108,5.041945129115715
6,109,4.608894701374422
6,110,5.080853718012702
6,111,6.16280177165662
6,112,6.644651237183839
6,113,7.1302335473986265
6,114,8.193578913759035
6,115,8.914731548120027
6,116,8.673311564377743
6,117,9.78703999936972
6,118,10.254761491356074
7,0,15.607421829463982
7,1,5.037052126279386
7,2,4.91485235920033
7,3,3.0107485477180065
7,4,2.3638058124777985
7,5,1.7296600246802076
7,6,0.833865290155018
7,8,1.4968111599023806
7,9,2.125440466649252
7,10,2.4194657003775077
7,11,2.7077270522426025
7,12,3.110120569108184
7,13,6.917730942295605
7,14,7.387618490632509
7,15,7.112133971430792
7,16,7.034640145237438
7,17,7.196481169000522
7,18,8.068312321778293
7,19,8.479180840895816
7,20,7.786955493307223
7,21,7.5414355932133486
7,22,7.376173710496246
7,23,7.198944986231788
7,24,5.92584324743279
7,25,7.018176567150219
7,26,5.935704400514122
7,27,5.070559044830481
7,28,4.350950484157434
7,29,3.4402991467504935
7,30,2.753732084623373
7,31,2.4863015268667095
7,32,3.03326114012583
7,33,3.6892818885096577
7,34,4.423218732842947
7,35,5.313648230426303
7,36,4.404518118365867
7,37,5.132342405226879
7,38,6.1029590567516925
7,39,5.988508278421882
7,40,4.985884220549495
7,41,5.238586370542501
7,42,5.773368095557696
7,43,6.281832320994292
7,44,6.973341596310388
7,45,8.099724487982442
7,46,8.993903595800182
7,47,9.93536388564619
7,48,10.811570987996069
7,49,11.540630610385286
7,50,12.459965745154042
7,51,13.257859191975456
7,52,14.00276562230347
7,53,14.245750985555588
7,54,15.1220973072814
7,55,15.15279023753341
7,56,15.006159336927498
7,57,16.49945815244763
7,58,18.101709884749344
7,59,20.12975301720891
7,60,13.68849013704009
7,61,12.595308090191178
7,62,11.695939140840425
7,63,10.920942418070402
7,64,10.108075614533648
7,65,9.784707935469092
7,66,9.213497891426448
7,67,8.846015601970782
7,68,6.250406195511782
7,69,4.642396506634658
7,70,3.8088580980885274
7,71,2.6828075353598617
7,72,2.5866902021859985
7,73,2.6243929178970493
7,74,2.992886480740905
7,75,3.67529722912584
7,76,4.923287628766076
7,77,6.072658480658653
7,78,1.9378190381132545
7,79,1.641495866522653
7,80,1.7502418304391998
7,81,2.959774932344988
7,82,12.550261279975784
7,83,10.893621533513738
7,84,10.19779700037006
7,85,9.337293964976729
7,86,8.623706601888271
7,87,8.233140771172206
7,88,7.671233074613241
7,89,6.80120871495268
7,90,5.901727293407669
7,91,5.083789212571541
7,92,3.540216251703059
7,93,12.438154908774493
7,94,11.419530000577645
7,95,10.48324019647774
7,96,9.716941672692235
7,97,8.499396215840113
7,98,14.875654508906324
7,99,13.817557100645729
7,100,4.124576493494788
7,101,5.386196953886451
7,102,5.775776740210204
7,103,4.538522067611987
7,104,5.945377026718201
7,105,3.7552856487074004
7,106,3.683766845273681
7,107,3.964918734936241
7,108,4.898045162978619
7,109,4.569114453660597
7,110,5.166574743341795
7,111,6.526128751197314
7,112,7.0547274662147235
7,113,7.598123765296581
7,114,8.731879417329594
7,115,9.462220746285741
7,116,9.300102714052434
7,117,10.534276869959887
7,118,11.03881354326797
8,0,14.892722677093422
8,1,6.500994395420392
8,2,6.3154015658804346
8,3,4.297615812773888
8,4,3.500502646559347
8,5,2.693464223258357
8,6,2.1196883149199155
8,7,1.4968111599023806
8,9,0.6394912854626909
8,10,1.3588950959925785
8,11,1.8252096045345372
8,12,2.4340601924125083
8,13,8.367963356948152
8,14,8.869827056751486
8,15,8.60891299909531
8,16,8.519624171902214
8,17,8.644349603957412
8,18,9.486048099501007
8,19,9.85371158034467
8,20,9.070096292686882
8,21,8.765884026252944
8,22,8.494876469096305
8,23,8.260284401661089
8,24,4.581386304210199
8,25,5.557763162460846
8,26,4.476616285688053
8,27,3.6190060318916233
8,28,2.965631782105591
8,29,2.1877651985339472
8,30,1.8762838142167708
8,31,2.5112749932057628
8,32,3.2899379094921657
8,33,4.141128035595077
8,34,5.026171913571243
8,35,5.898772346767269
8,36,4.287344484365524
8,37,4.6594442487741325
8,38,5.437064569018465
8,39,5.2178903732431365
8,40,5.752305447202423
8,41,6.17780686893885
8,42,6.869277696866182
8,43,7.414549368561848
8,44,8.175912502999598
8,45,9.417330526207701
8,46,10.343545712369401
8,47,11.283655410842812
8,48,12.156419830520365
8,49,12.877001781130048
8,50,13.766199737912121
8,51,14.547205147631907
8,52,15.293226275580441
8,53,15.570831503836823
8,54,16.3656320806226
8,55,16.315398676727145
8,56,16.115962168082834
8,57,17.617459095744277
8,58,19.275202029196393
8,59,21.2879161698118
8,60,12.982287861154196
8,61,11.927379005298388
8,62,11.16064724072455
8,63,10.565299277567993
8,64,9.893943458319802
8,65,9.650807851104878
8,66,9.256400901728078
8,67,9.031783865825725
8,68,6.707168017451301
8,69,5.603193841442582
8,70,4.885989874832747
8,71,4.097700517686095
8,72,4.06764293779525
8,73,4.109076699146571
8,74,4.373843380928077
8,75,5.00142520374727
8,76,6.168923035466922
8,77,7.1875106233820665
8,78,3.333976343228213
8,79,3.135644432827706
8,80,3.1618461559512783
8,81,3.9003219479111384
8,82,12.669791807630663
8,83,11.10619038044251
8,84,10.492439093022913
8,85,9.789202793321094
8,86,9.290655814855356
8,87,9.022551554069913
8,88,8.593726115251732
8,89,7.856118166778873
8,90,7.115055766748036
8,91,6.348246570332915
8,92,4.350921583416172
8,93,13.338736714177095
8,94,12.326683958514266
8,95,11.400161196012235
8,96,10.652136446918814
8,97,9.46697185438452
8,98,14.827949638429374
8,99,13.864038277209012
8,100,5.473047789838508
8,101,6.417202375927416
8,102,6.459902181982177
8,103,5.7418039629986
8,104,6.783303205046769
8,105,5.204586131480161
8,106,5.180386547758595
8,107,5.38336565617299
8,108,3.7409851025125933
8,109,3.5786835817191074
8,110,4.337238705192821
8,111,6.1188485593342445
8,112,6.719453903006924
8,113,7.364023628713997
8,114,8.623480925244733
8,115,9.360616526011933
8,116,9.395432175447679
8,117,10.975087914368656
8,118,11.623093400823391
9,0,14.757699175623236
9,1,7.1401099393905625
9,2,6.952230326586466
9,3,4.923833061140283
9,4,4.109893858418976
9,5,3.2893998479645172
9,6,2.7570940825733787
9,7,2.125440466649252
9,8,0.6394912854626909
9,10,1.0847937479824825
9,11,1.5885683843413314
9,12,2.2448327942603887
9,13,9.007441796593222
9,14,9.506748449918232
9,15,9.233212628457983
9,16,9.126066684518813
9,17,9.223373017569921
9,18,10.045879488429508
9,19,10.389091558998878
9,20,9.561320294825283
9,21,9.230534141221346
9,22,8.912953907088284
9,23,8.65442694459286
9,24,4.132998192247196
9,25,4.995736344663312
9,26,3.9205338538304257
9,27,3.0779249983395083
9,28,2.5082720574018835
9,29,1.8988453483249046
9,30,1.9146500632614456
9,31,2.8927373456819594
9,32,3.6999114020174355
9,33,4.581618914538254
9,34,5.493122365692217
9,35,6.348489654996789
9,36,4.5269014602226205
9,37,4.733524252705894
9,38,5.397538437685769
9,39,5.128341281730288
9,40,6.2561832517733205
9,41,6.723864716925573
9,42,7.449931875027551
9,43,8.00190276413285
9,44,8.777151013820077
9,45,10.04036862842908
9,46,10.97168471774978
9,47,11.911177746129534
9,48,12.783018489517426
9,49,13.501802235371573
9,50,14.384731138807194
9,51,15.161847610068966
9,52,15.90783080866118
9,53,16.192631864974533
9,54,16.969037256071736
9,55,16.898374264597415
9,56,16.684800396983285
9,57,18.187565945554475
9,58,19.859584348833444
9,59,21.867366069370807
9,60,12.857379901633855
9,61,11.825334406098495
9,62,11.125619339085597
9,63,10.61569680606204
9,64,10.010335591482274
9,65,9.80274817844425
9,66,9.482956625983615
9,67,9.315128644749276
9,68,7.107026189613997
9,69,6.158662152205427
9,70,5.472817170896617
9,71,4.736604636912133
9,72,4.704125096262434
9,73,4.720038857359705
9,74,4.9321196066943145
9,75,5.531757672386938
9,76,6.6563567356991244
9,77,7.61167545271922
9,78,3.907966775602518
9,79,3.7567576749025013
9,80,3.801125179560805
9,81,4.469166914108546
9,82,12.908570093659126
9,83,11.387580586479558
9,84,10.80758333489871
9,85,10.164442052280144
9,86,9.740346067034737
9,87,9.511571143731869
9,88,9.123228402479427
9,89,8.423403093131704
9,90,7.7207418819645826
9,91,6.9654496800570325
9,92,4.883749185917368
9,93,13.849768547239025
9,94,12.841565521361455
9,95,11.919902590507549
9,96,11.178984185348284
9,97,10.006166791784842
9,98,14.99216054138333
9,99,14.06956809822045
9,100,6.104755512828046
9,101,6.984509305409287
9,102,6.933462963079006
9,103,6.349333818922656
9,104,7.29841343895934
9,105,5.844064984819307
9,106,5.804364492038882
9,107,5.953144847341724
9,108,3.45327477740222
9,109,3.4095454188618475
9,110,4.238010490500874
9,111,6.190725115422004
9,112,6.814253226237718
9,113,7.49445556855723
9,114,8.793953864705113
9,115,9.528035861706668
9,116,9.641562461839808
9,117,11.340842731078002
9,118,12.036173667703444
10,0,15.769955987117712
10,1,7.387250535025375
10,2,7.322752154900528
10,3,5.420313602819095
10,4,4.703968984517064
10,5,3.945068486749454
10,6,3.2118382778364394
10,7,2.4194657003775077
10,8,1.3588950959925785
10,9,1.0847937479824825
10,11,0.5038971378145837
10,12,1.1605674189448085
10,13,9.279138112366951
10,14,9.678127056302003
10,15,9.273396932123843
10,16,9.05779539897779
10,17,9.033393950015514
10,18,9.78066829119518
10,19,10.04527801906359
10,20,9.10729110175592
10,21,8.71845098300833
10,22,8.309281538622793
10,23,8.009436492319354
10,24,4.872859373276172
10,25,5.452264343137829
10,26,4.426465480828435
10,27,3.662079050029526
10,28,3.2937012059806903
10,29,2.89356827615328
10,30,2.998911138361168
10,31,3.8628122386046013
10,32,4.647808281127637
10,33,5.4993733718211475
10,34,6.379007943593489
10,35,7.254766887977636
10,36,5.581922124711052
10,37,5.818303984619311
10,38,6.465722652120857
10,39,6.181056478652746
10,40,7.0883019441140025
10,41,7.4772910685418115
10,42,8.114579102632483
10,43,8.643855570000454
10,44,9.367263443200898
10,45,10.51915539012356
10,46,11.411122502309341
10,47,12.352444147039986
10,48,13.228906100987109
10,49,13.958886468819154
10,50,14.879361720744892
10,51,15.676382283454767
10,52,16.42145908742548
10,53,16.66467789876599
10,54,17.53370266099427
10,55,17.537973140520958
10,56,17.366790236856883
10,57,18.86490363946195
10,58,20.492329023011823
10,59,22.514746514561
10,60,13.877399445245738
10,61,12.858715396344001
10,62,12.187577111944593
10,63,11.697327207611
10,64,11.094814038474379
10,65,10.884215099278368
10,66,10.54740406377203
10,67,10.356175973051577
10,68,8.065526625278961
10,69,6.893499961190802
10,70,6.1298765522365
10,71,5.093631389973387
10,72,4.930878650946358
10,73,4.747146072583691
10,74,4.739805292144759
10,75,5.237334882452357
10,76,6.226865804238364
10,77,7.03263331215653
10,78,3.8100987495166088
10,79,3.8788576544129447
10,80,4.1672322310172865
10,81,5.182797215371638
10,82,13.969962337006795
10,83,12.430421500868285
10,84,11.831742438236603
10,85,11.145278124031252
10,86,10.645160724204114
10,87,10.362682757879307
10,88,9.905056820567333
10,89,9.121773124729595
10,90,8.297568451039867
10,91,7.4935742340654095
10,92,5.670554089749292
10,93,14.661671835148814
10,94,13.647152987237526
10,95,12.717220075371662
10,96,11.963421101727079
10,97,10.767015349601179
10,98,16.072748376182332
10,99,15.141547745526477
10,100,6.543990660054214
10,101,7.687534157835673
10,102,7.809091131145006
10,103,6.926780547125569
10,104,8.109829141228332
10,105,6.135188390759009
10,106,5.884396105507219
10,107,5.77340000194459
10,108,4.4034705247980765
10,109,4.43909075804956
10,110,5.291240033204647
10,111,7.275229959580634
10,112,7.8990288408700735
10,113,8.577643730959984
10,114,9.87226551096415
10,115,10.607124742645041
10,116,10.6991231501919
10,117,12.329672526606142
10,118,12.981903456459886
11,0,16.238641160976496
11,1,7.564958589418178
11,2,7.553734712723333
11,3,5.717327371389978
11,4,5.0455342009541315
11,5,4.317765313124392
11,6,3.5282120952348985
11,7,2.7077270522426025
11,8,1.8252096045345372
11,9,1.5885683843413314
11,10,0.5038971378145837
11,12,0.6588537934643001
11,13,9.457663390103498
11,14,9.810580140360528
11,15,9.348249766799146
11,16,9.083562381460029
11,17,9.001847228222672
11,18,9.70970014322066
11,19,9.93508201554905
11,20,8.94621912391766
11,21,8.529719834504144
11,22,8.075203336599555
11,23,7.755023219259687
11,24,5.2489198664909535
11,25,5.711008849798451
11,26,4.71767317141573
11,27,3.995499895548178
11,28,3.7029700776394336
11,29,3.3707012852586584
11,30,3.502807691797356
11,31,4.336451687672604
11,32,5.111832428744491
11,33,5.950743457693824
11,34,6.816706927571823
11,35,7.697841619018314
11,36,6.077982995464635
11,37,6.3219744140056715
11,38,6.961498617758515
11,39,6.670648558834895
11,40,7.504349373696678
11,41,7.862280417840724
11,42,8.462583353817829
11,43,8.981007122978168
11,44,9.68101975619492
11,45,10.782926206107776
11,46,11.655732168442508
11,47,12.595734832771534
11,48,13.472508521030887
11,49,14.206118385377485
11,50,15.14156594884941
11,51,15.946221885147587
11,52,16.690052210743126
11,53,16.91482816923287
11,54,17.823398869166365
11,55,17.86006725475961
11,56,17.7072014555414
11,57,19.202279771165173
11,58,20.809427080370515
11,59,22.837127734307533
11,60,14.350016647799483
11,61,13.337561591864976
11,62,12.679492711860055
11,63,12.198837255852254
11,64,11.598707727594947
11,65,11.387565575160913
11,66,11.045375483764094
11,67,10.845927963310539
11,68,8.526503089491655
11,69,7.2734417612196935
11,70,6.4837729957400505
11,71,5.338459747414937
11,72,5.1238917144649045
11,73,4.856059001407016
11,74,4.746531691904459
11,75,5.18617230372402
11,76,6.096176784813961
11,77,6.818124663058483
11,78,3.8818514135570936
11,79,4.047192043598135
11,80,4.429525228866473
11,81,5.563921101362679
11,82,14.466578994745307
11,83,12.920425160420027
11,84,12.314913965033288
11,85,11.61228721965848
11,86,11.083124281647432
11,87,10.779862826169344
11,88,10.295413368832417
11,89,9.480341248405164
11,90,8.60943671971614
11,91,7.789039312612337
11,92,6.075252607594346
11,93,15.058814457466665
11,94,14.042509349147858
11,95,13.110065350691098
11,96,12.35184431293479
11,97,11.147503832048876
11,98,16.57581308569438
11,99,15.641844597989783
11,100,6.808734896642767
11,101,8.052202619513661
11,102,8.239730043228995
11,103,7.245067911959591
11,104,8.515414480017746
11,105,6.341511274864987
11,106,6.001407220605563
11,107,5.771357440484377
11,108,4.858699131199204
11,109,4.921898757308476
11,110,5.781649175908488
11,111,7.77858487032961
11,112,8.402818383491814
11,113,9.081401808371409
11,114,10.3747596826815
11,115,11.109825531602398
11,116,11.194692068548616
11,117,12.7992339864715
11,118,13.434333473522441
12,0,16.878326113266816
12,1,7.7655101554359245
12,2,7.823483946016007
12,3,6.083833413767714
12,4,5.4735695863388685
12,5,4.790742998794543
12,6,3.943779939294588
12,7,3.110120569108184
12,8,2.4340601924125083
12,9,2.2448327942603887
12,10,1.1605674189448085
12,11,0.6588537934643001
12,13,9.650253733629933
12,14,9.941449265574304
12,15,9.405612809735242
12,16,9.077940658926543
12,17,8.921657489698756
12,18,9.574919270930776
12,19,9.748242064177326
12,20,8.696855383962593
12,21,8.245994081456574
12,22,7.734160645675526
12,23,7.388801697876222
12,24,5.813826490889498
12,25,6.1566927946628995
12,26,5.203920358716139
12,27,4.528367213843437
12,28,4.3037138488941205
12,29,4.0207652923409425
12,30,4.157518450642678
12,31,4.937635951853872
12,32,5.697509420772016
12,33,6.516706742155726
12,34,7.361668180826977
12,35,8.248516220602873
12,36,6.711482705141762
12,37,6.978142070280183
12,38,7.619615281065672
12,39,7.3261328816552025
12,40,8.017953382586876
12,41,8.332921118518708
12,42,8.882010082740072
12,43,9.384452674311731
12,44,10.051328394015538
12,45,11.083802673814777
12,46,11.92903422964558
12,47,12.86530397629889
12,48,13.740893843029061
12,49,14.478182232833486
12,50,15.432451654603458
12,51,16.24643828101854
12,52,16.987758041809354
12,53,17.187345578195306
12,54,18.148719827770638
12,55,18.229829472057638
12,56,18.10244582858812
12,57,19.592266845117035
12,58,21.170264812473707
12,59,23.204210686270464
12,60,14.993072884524723
12,61,13.985463709383835
12,62,13.335785226635814
12,63,12.8574399332368
12,64,12.253071784570006
12,65,12.037518397656337
12,66,11.681066656774139
12,67,11.465842558524656
12,68,9.101897606025911
12,69,7.739161367563904
12,70,6.918497477636695
12,71,5.642371977537798
12,72,5.364874807560449
12,73,4.994080066606
12,74,4.754570236748557
12,75,5.11136268408248
12,76,5.905137004706096
12,77,6.509774935946892
12,78,3.9913512983641466
12,79,4.274161609333852
12,80,4.76595678919777
12,81,6.03857445011954
12,82,15.09893206208477
12,83,13.540249261102343
12,84,12.922919365396611
12,85,12.194435796224493
12,86,11.622110889776877
12,87,11.28936901164932
12,88,10.768126093363382
12,89,9.91125938095768
12,90,8.980450414796811
12,91,8.141613164083804
12,92,6.5781238703745
12,93,15.535756767010755
12,94,14.517737911688222
12,95,13.582624394819971
12,96,12.819024995270366
12,97,11.605251215034684
12,98,17.224391977188702
12,99,16.282361404195907
12,100,7.126455868699938
12,101,8.495088077791266
12,102,8.771952378704494
12,103,7.6298631821663925
12,104,9.012402940844709
12,105,6.587405379297388
12,106,6.135640417850406
12,107,5.7536051039228
12,108,5.492152686994361
12,109,5.574083230479079
12,110,6.437666463476605
12,111,8.435552425051137
12,112,9.05839231658793
12,113,9.733670878824213
12,114,11.021685263449513
12,115,11.7573591881542
12,116,11.825420158056247
12,117,13.384813030709987
12,118,13.9931057924253
13,0,18.65364905720374
13,1,1.8931026986757586
13,2,2.152517860653576
13,3,4.263735459467177
13,4,5.178438893887109
13,5,5.98802498897544
13,6,6.2586559029493
13,7,6.917730942295605
13,8,8.367963356948152
13,9,9.007441796593222
13,10,9.279138112366951
13,11,9.457663390103498
13,12,9.650253733629933
13,14,0.9924946497658699
13,15,1.9868601005760613
13,16,2.870772249189098
13,17,3.8910120497173297
13,18,4.774780055415993
13,19,5.591771475258879
13,20,6.208021778488894
13,21,6.593697235723215
13,22,7.282202347515993
13,23,7.556658078383879
13,24,12.130579223907949
13,25,13.549840931706065
13,26,12.501491901372873
13,27,11.648622528381221
13,28,10.803648901802717
13,29,9.767889757500585
13,30,8.762761086519127
13,31,7.380347910287556
13,32,6.957472196007673
13,33,6.472961631608868
13,34,5.997322891120105
13,35,6.133594035315172
13,36,8.104161019188775
13,37,9.352386860419825
13,38,10.485477131527096
13,39,10.68461048231201
13,40,5.3741412740744945
13,41,4.5809559862467095
13,42,3.6654107875589164
13,43,3.3956233523377652
13,44,2.9202785026037072
13,45,2.278185969501404
13,46,2.635907148377351
13,47,3.463010899219414
13,48,4.289276177259471
13,49,5.022007467409229
13,50,6.053823416265027
13,51,6.899628011642321
13,52,7.606528418454648
13,53,7.679817127039388
13,54,8.910861822852874
13,55,9.35154453426445
13,56,9.493589565404099
13,57,10.851498898944927
13,58,12.115351284231108
13,59,14.153991475864274
13,60,16.874614522090326
13,61,15.749996968195921
13,62,14.4542246163509
13,63,13.10992390305871
13,64,11.911060498961566
13,65,11.348838399540314
13,66,10.224399812626919
13,67,9.381884609462068
13,68,6.891242347290708
13,69,4.578247722712138
13,70,4.413486557984675
13,71,4.276522283611316
13,72,4.348728456455034
13,73,4.670910496828654
13,74,5.1742453452058355
13,75,5.25520367400577
13,76,5.664353581180031
13,77,6.745689717316793
13,78,5.680869186845766
13,79,5.411047342423995
13,80,5.2073108551310225
13,81,5.29900241185378
13,82,12.43681561816833
13,83,10.713916951013921
13,84,9.829100289547318
13,85,8.505337103095979
13,86,6.997381270616145
13,87,6.1258826575019825
13,88,5.091815446035373
